The randomized List is:
79, 82, 55, 78, 85, 69, 94, 14, 72, 98, 
89, 81, 35, 67, 70, 75, 15, 31, 60, 1, 
27, 97, 9, 11, 8, 26, 31, 80, 46, 64, 
98, 20, 64, 68, 28, 67, 81, 18, 17, 19, 
33, 35, 18, 2, 29, 13, 35, 0, 51, 57, 
85, 3, 52, 17, 59, 76, 76, 39, 0, 86, 
63, 17, 59, 74, 98, 73, 68, 99, 51, 92, 
31, 47, 55, 43, 84, 36, 59, 54, 87, 7, 
77, 22, 27, 68, 95, 56, 75, 97, 41, 91, 
99, 0, 22, 34, 77, 64, 12, 38, 60, 0

The randomized array is:
60, 39, 24, 0, 0, 24, 28, 98, 4, 56, 
31, 58, 64, 9, 51, 80, 33, 30, 56, 56, 
37, 89, 57, 73, 72, 42, 14, 37, 53, 80, 
47, 31, 17, 6, 6, 45, 7, 48, 91, 89, 
56, 79, 61, 28, 69, 84, 30, 89, 32, 5, 
78, 85, 41, 48, 0, 43, 25, 34, 21, 16, 
25, 58, 37, 6, 72, 92, 22, 38, 35, 85, 
20, 45, 29, 82, 71, 87, 88, 78, 67, 18, 
56, 58, 13, 6, 42, 31, 84, 95, 76, 94, 
73, 95, 60, 77, 39, 97, 37, 23, 87, 81

The sorted List is:
0, 0, 0, 1, 2, 3, 7, 8, 9, 11, 
12, 13, 14, 15, 17, 17, 17, 18, 18, 19, 
20, 22, 22, 26, 27, 27, 28, 29, 31, 31, 
31, 33, 34, 35, 35, 35, 36, 38, 39, 41, 
43, 46, 47, 48, 51, 51, 52, 54, 55, 55, 
56, 57, 59, 59, 59, 60, 60, 63, 64, 64, 
64, 67, 67, 68, 68, 68, 69, 70, 72, 73, 
74, 75, 75, 76, 76, 77, 77, 78, 79, 80, 
81, 81, 82, 84, 85, 85, 86, 87, 89, 91, 
92, 94, 95, 97, 97, 98, 98, 98, 99, c

The sorted array is:
0, 0, 0, 4, 5, 6, 6, 6, 6, 7, 
9, 13, 14, 16, 17, 18, 20, 21, 22, 23, 
24, 24, 25, 25, 28, 28, 29, 30, 30, 31, 
31, 31, 32, 33, 34, 35, 37, 37, 37, 37, 
38, 39, 39, 41, 42, 42, 43, 45, 45, 47, 
48, 48, 51, 53, 56, 56, 56, 56, 56, 57, 
58, 58, 58, 60, 60, 61, 64, 67, 69, 71, 
72, 72, 73, 73, 76, 77, 78, 78, 79, 80, 
80, 81, 82, 84, 84, 85, 85, 87, 87, 88, 
89, 89, 89, 91, 92, 94, 95, 95, 97, 98

